   6.6823028e-01   8.0621396e-01   1.7545428e-01   8.8420905e-01  -7.2236017e-01   1.8336827e-01   4.9421357e-01   1.4228668e+00
  -8.4130920e-01  -1.1042262e+00  -1.2700795e-01   5.0740946e-01  -7.2236017e-01  -6.9785513e-01  -3.5099356e-01  -1.9944214e-01
  -8.4130920e-01  -9.8292841e-01  -1.2700795e-01   1.3060988e-01   1.1514785e-01  -5.0902154e-01  -9.1446499e-01  -1.0532890e+00
   3.6632238e-01  -1.6416834e-01   2.7627502e-01  -1.3137885e+00  -7.2236017e-01  -8.2374418e-01  -8.1034527e-01  -2.8482683e-01
  -2.3749341e-01  -1.3164973e+00  -9.3357388e-01   6.9580926e-01   6.1689889e-02  -1.4394328e-01  -6.6641507e-01  -6.2636556e-01
   1.8758619e+00  -1.9449279e-01  -3.4540924e+00  -1.3137885e+00  -7.2236017e-01   3.9737967e-01  -1.0155224e+00  -3.7021151e-01
  -5.3940131e-01   2.2921119e+00   7.4633536e-02   1.5122084e+00   4.1155851e+00  -2.0688780e-01  -9.4202609e-01   1.6790209e+00
   1.2720461e+00   1.0875168e-01   1.3853032e+00  -1.3137885e+00  -7.2236017e-01  -4.0465040e+00  -7.1541258e-01   1.7644056e+00
   6.4414486e-02  -3.4611502e-01   1.1836617e+00  -1.3137885e+00  -7.2236017e-01   6.8692450e-01  -8.4096872e-01  -2.8482683e-01
   1.8758619e+00   1.4127029e+00   2.7627502e-01  -1.3137885e+00  -7.2236017e-01   7.3728012e-01   2.1860255e-01   5.6711904e-02
   1.8758619e+00   5.3329394e-01   5.7873724e-01  -1.3137885e+00  -7.2236017e-01  -6.3491060e-01   2.9869622e+00   2.0205596e+00
   9.7013817e-01  -6.4935949e-01  -3.4540924e+00  -1.3137885e+00  -7.2236017e-01  -2.6983233e-01   5.6298281e-02  -1.1405746e-01
  -1.1432171e+00  -1.0351945e-01   7.8037873e-01   1.6378082e+00   1.3268616e+00   1.7192148e+00   2.6147538e-01  -1.9944214e-01
   9.7013817e-01  -4.3708836e-01   2.7627502e-01  -1.3137885e+00  -7.2236017e-01  -3.2018796e-01  -6.4804100e-01  -1.9944214e-01
  -8.4130920e-01  -5.5838615e-01  -1.9417813e+00   1.0726088e+00   1.7141590e-02   1.4044921e+00  -8.6546747e-01  -2.8672778e-02
  -8.4130920e-01  -1.9449279e-01   7.4633536e-02   5.7020939e-01   1.3296717e-01   3.0925733e-01   1.9410379e-01  -1.1405746e-01
   1.2720461e+00  -6.7968394e-01   7.8037873e-01  -1.3137885e+00  -7.2236017e-01   4.0996857e-01  -2.3768681e-01   1.4228668e+00
   9.7013817e-01   2.2617874e+00   1.0828410e+00  -1.3137885e+00  -7.2236017e-01   9.6388043e-01  -4.4759094e-02   6.5440468e-01
   1.5739540e+00  -7.3195001e-02   5.7873724e-01   8.8420905e-01  -7.2236017e-01  -3.9572139e-01  -6.2047990e-01  -3.7021151e-01
  -8.4130920e-01  -7.4033283e-01  -1.2700795e-01  -3.7178957e-01   5.2499220e-01  -1.1258779e+00   6.5485316e-02  -9.6790429e-01
   2.7815855e+00   7.1524062e-01   6.7955799e-01  -1.2058985e-01   2.5770240e-01  -1.2517670e+00  -6.7560210e-01   2.0205596e+00
   3.6632238e-01  -3.7643947e-01   3.2668539e-01   3.1900967e-01  -7.2236017e-01   4.8550201e-01   2.4616365e-01   2.2767136e+00
  -2.3749341e-01   1.1094584e+00   3.7709576e-01   9.4700898e-01   1.4605065e+00  -6.8409842e-02   1.1801788e+00  -4.5559619e-01
  -2.3749341e-01  -1.0132529e+00  -5.3029091e-01  -6.2298930e-01  -2.4123854e-01  -9.2445543e-01  -6.0823052e-01  -9.6790429e-01
   6.6823028e-01  -8.9195506e-01   1.1836617e+00  -1.3137885e+00  -7.2236017e-01  -1.5413118e+00  -8.5015575e-01  -4.5559619e-01
   6.4414486e-02  -5.5838615e-01  -4.2947017e-01   7.5860919e-01   9.8829451e-01  -1.0251667e+00   1.5323484e+00  -2.8672778e-02
   1.5739540e+00  -5.8871060e-01   3.7709576e-01   1.0098089e+00  -7.2236017e-01   9.5245932e-02   6.1058267e-01   1.0813281e+00
  -5.3940131e-01  -9.5260396e-01  -2.6187206e-02   1.3238086e+00  -7.2236017e-01   7.6245793e-01   1.1448283e-01  -5.4098087e-01
   6.4414486e-02  -3.1579058e-01   1.7545428e-01   1.6378082e+00   1.1219394e+00   6.2397997e-01   2.8307826e+00   1.9351749e+00
  -2.3749341e-01   1.7765963e+00  -2.2782869e-01   2.5620974e-01  -9.8683987e-02   2.3372389e-01  -5.9598114e-01  -6.2636556e-01
   9.7013817e-01  -4.6741281e-01   1.1836617e+00  -1.8338978e-01  -7.2236017e-01  -1.1888224e+00  -7.0622555e-01   1.2520975e+00
   1.5739540e+00   1.5036762e+00   2.0910484e+00   1.9340981e-01   1.4159582e+00   1.6688591e+00   7.8207398e-01   1.7644056e+00
   9.7013817e-01   1.1397829e+00  -2.2782869e-01  -1.3137885e+00  -7.2236017e-01  -5.9714388e-01  -5.2554721e-01   5.6902000e-01
  -1.1432171e+00   1.7765963e+00  -1.2700795e-01   1.1354088e+00  -7.2236017e-01   1.2408364e+00   4.3711420e+00  -7.1175024e-01
  -8.4130920e-01   7.4556506e-01  -6.3111166e-01  -1.3137885e+00  -7.2236017e-01  -3.0759905e-01   3.0128586e-01  -3.7021151e-01
   9.7013817e-01  -5.5838615e-01  -1.2700795e-01   6.9580926e-01  -7.2236017e-01   8.7575809e-01  -3.7242998e-01  -1.9944214e-01
   9.7013817e-01  -4.9773726e-01  -3.4540924e+00  -1.3137885e+00  -7.2236017e-01  -4.0465040e+00  -4.9186142e-01  -7.9713492e-01
  -8.4130920e-01  -6.1903504e-01  -9.3357388e-01  -3.7178957e-01  -4.0161242e-01  -9.9998886e-01   1.8491676e-01  -6.2636556e-01
   1.2720461e+00   1.6552985e+00   1.0828410e+00   8.2140912e-01   1.9505378e+00   1.9595718e-01   4.2384214e-03   2.1059443e+00
   9.7013817e-01   1.9888674e+00  -2.6187206e-02   1.1354088e+00   1.9861764e+00   6.9951341e-01  -6.4804100e-01   6.5440468e-01
  -1.1432171e+00  -6.4935949e-01   9.8202021e-01   2.4542073e+00   2.5770240e-01   1.8451038e+00   1.5200991e+00  -1.9944214e-01
  -1.1432171e+00   7.4556506e-01   6.7955799e-01  -1.3137885e+00  -7.2236017e-01   1.0520028e+00   4.0281594e+00   9.1055873e-01
  -1.1432171e+00  -4.9773726e-01  -2.2782869e-01   1.2610086e+00   5.4281152e-01   1.1778918e+00  -8.9609092e-01  -9.6790429e-01
  -5.3940131e-01  -1.1345506e+00  -3.4540924e+00  -1.3137885e+00  -7.2236017e-01  -4.0465040e+00  -4.9492377e-01  -1.0532890e+00
   1.2720461e+00   3.5134725e-01   1.7545428e-01  -1.3137885e+00  -7.2236017e-01   9.5245932e-02  -5.9904349e-01   4.8363532e-01
   3.6632238e-01  -2.3475285e+00  -3.2864943e-01  -1.3137885e+00  -7.2236017e-01  -8.9927762e-01   3.7171979e-01   2.2748127e-01
  -5.3940131e-01   5.9394283e-01  -5.3029091e-01   8.2140912e-01   4.1807628e-01  -8.4892200e-01   7.1470239e-01  -7.9713492e-01
   9.7013817e-01  -2.2481723e-01  -1.2700795e-01  -1.3137885e+00  -7.2236017e-01   8.2657027e-02  -6.3579162e-01   7.3978936e-01
  -1.1432171e+00  -3.7643947e-01   9.8202021e-01   5.7020939e-01  -7.2236017e-01   4.4890309e-02   1.1924282e+00   3.9825063e-01
  -5.3940131e-01  -3.7643947e-01   1.1836617e+00  -1.3137885e+00  -7.2236017e-01   1.3289587e+00   1.1618047e+00   1.7644056e+00
  -8.4130920e-01  -8.0098172e-01  -1.2700795e-01  -4.9738944e-01  -3.8379310e-01  -1.5790785e+00  -4.0305342e-01  -7.1175024e-01
   6.4414486e-02   7.4556506e-01   8.3078910e-01   3.8180960e-01   1.6860581e-01  -4.0831030e-01  -8.4709341e-01  -5.4098087e-01
   2.7815855e+00   1.3907613e-01   1.0828410e+00  -1.3137885e+00  -7.2236017e-01   1.4170810e+00   3.5947041e-01   7.3978936e-01
   6.4414486e-02   2.3004947e-01   8.8119947e-01  -5.7789918e-02   1.6832480e+00   3.7220186e-01  -7.1847493e-01  -8.8251960e-01
  -8.4130920e-01  -3.6818042e+00  -1.0343946e+00  -5.7789918e-02  -7.2236017e-01  -9.3704434e-01  -9.9714830e-01  -9.6790429e-01
  -1.1432171e+00   2.9069836e-01  -3.4540924e+00  -1.3137885e+00  -7.2236017e-01   1.3919032e+00  -5.9904349e-01  -6.2636556e-01
  -5.3940131e-01  -2.8546613e-01  -1.2700795e-01   6.7809944e-02  -7.2236017e-01  -8.9927762e-01  -4.8573673e-01  -7.9713492e-01
  -5.3940131e-01  -1.4377951e+00  -3.4540924e+00  -1.3137885e+00  -7.2236017e-01  -4.0465040e+00  -1.1135174e+00  -9.6790429e-01
   9.7013817e-01  -1.1648751e+00   4.7791650e-01   3.1900967e-01  -8.9774327e-02  -3.5795467e-01   9.2294183e-01   2.2748127e-01
  -5.3940131e-01  -3.4611502e-01   2.7627502e-01   5.0740946e-01   3.9134730e-01   3.2301404e-02   7.1164005e-01  -5.4098087e-01
   2.7815855e+00  -4.6741281e-01   1.7545428e-01   2.0774077e+00  -7.2236017e-01   5.6103544e-01  -8.8077920e-01   9.9594341e-01
  -5.3940131e-01  -6.4935949e-01  -2.6187206e-02   2.5620974e-01  -8.9774327e-02   8.0022465e-01  -4.3367687e-01  -6.2636556e-01
   3.3854013e+00   4.4232060e-01   7.4633536e-02   6.9580926e-01   2.5770240e-01   6.2397997e-01  -9.5733782e-01   8.2517405e-01
  -8.4130920e-01  -4.3708836e-01  -2.6187206e-02  -1.2058985e-01  -7.2236017e-01  -7.1044403e-01  -9.2058968e-01  -7.9713492e-01
  -8.4130920e-01  -1.2558484e+00  -6.8152203e-01  -1.3137885e+00  -7.2236017e-01  -1.6420231e+00  -6.3579162e-01  -1.0532890e+00
   6.4414486e-02   4.8102787e-02   5.7873724e-01  -3.7178957e-01   8.4573995e-01  -1.8054219e-02  -6.9257852e-02   5.6711904e-02
   9.7013817e-01  -1.2255240e+00   4.7791650e-01   1.1982087e+00  -2.9469650e-01   1.8325149e+00  -6.2660459e-01   7.3978936e-01
   6.4414486e-02   3.8167170e-01   1.7545428e-01  -1.3137885e+00  -7.2236017e-01  -1.0503445e+00  -5.7760707e-01   2.2767136e+00
   6.6823028e-01   6.8491617e-01   1.7545428e-01   3.8180960e-01   1.3090423e+00   2.2113499e-01  -6.4497866e-01   5.6902000e-01
  -5.3940131e-01  -8.9195506e-01  -3.2864943e-01   4.4460953e-01  -7.2236017e-01  -6.8409842e-02  -1.0277717e+00  -7.9713492e-01
  -8.4130920e-01  -1.5287684e+00  -1.0343946e+00  -1.8338978e-01  -4.5226028e-02  -1.4783673e+00  -4.3673922e-01  -9.6790429e-01
   6.6823028e-01  -8.6163062e-01  -9.3357388e-01   5.7020939e-01  -1.5214195e-01  -4.3348811e-01  -3.3568184e-01  -8.8251960e-01
  -8.4130920e-01   1.7778340e-02   1.0828410e+00   1.8890079e+00   1.2377650e+00   2.2101821e+00  -4.3061453e-01  -1.9944214e-01
  -8.4130920e-01   8.9718730e-01  -4.2947017e-01  -1.3137885e+00  -7.2236017e-01  -7.6079966e-01  -8.7771685e-01  -9.6790429e-01
  -8.4130920e-01  -1.2255240e+00   1.7545428e-01  -1.8338978e-01  -3.6597378e-01  -6.9785513e-01  -5.5923300e-01  -7.9713492e-01
  -5.3940131e-01  -1.1042262e+00  -1.7741832e-01  -1.3137885e+00  -7.2236017e-01   9.3870261e-01   1.4221040e+00  -5.4098087e-01
  -8.4130920e-01   1.3907613e-01  -6.3111166e-01   5.0740946e-01   6.3190811e-01  -4.3348811e-01   1.0270616e+00  -1.0532890e+00
  -8.4130920e-01  -7.7065728e-01   2.6959728e+00  -1.3137885e+00  -7.2236017e-01  -1.2265892e+00  -7.9197120e-01  -5.4098087e-01
   6.4414486e-02   6.8491617e-01  -5.3029091e-01   4.4460953e-01   5.2499220e-01  -3.3277686e-01  -5.4698363e-01   3.1286595e-01
  -2.3749341e-01  -1.1648751e+00  -5.3029091e-01   6.3300932e-01  -5.6198630e-01   2.7149061e-01  -3.9692874e-01  -7.1175024e-01
  -1.1432171e+00  -8.0098172e-01   8.3078910e-01   2.5620974e-01  -4.0161242e-01   6.6174669e-01  -6.6947741e-01  -7.9713492e-01
  -2.3749341e-01   1.5036762e+00   1.7545428e-01   7.5860919e-01   4.8044390e-01   1.4560156e-01  -8.1646996e-01  -7.9713492e-01
   1.2720461e+00   1.0184851e+00  -3.2864943e-01   3.1900967e-01   3.6879214e+00   2.3372389e-01   2.3697662e-01   1.0813281e+00
  -8.4130920e-01  -9.8292841e-01   3.7709576e-01   8.2140912e-01  -3.9270276e-01  -1.1876546e-01  -8.3790637e-01  -8.8251960e-01
   6.4414486e-02  -1.3771462e+00  -3.2864943e-01  -1.3137885e+00  -7.2236017e-01   2.3372389e-01  -2.2849978e-01  -7.1175024e-01
   9.7013817e-01   1.1701073e+00  -7.3193240e-01   6.9580926e-01   8.3683029e-01  -2.0688780e-01   3.7478213e-01   4.8363532e-01
   6.4414486e-02   7.4556506e-01   1.1836617e+00  -1.3137885e+00  -7.2236017e-01  -1.1876546e-01   2.2472724e-01   2.3620983e+00
   3.6632238e-01   7.8427234e-02   2.7627502e-01  -1.3137885e+00  -7.2236017e-01   2.3372389e-01  -7.5216072e-01   3.9825063e-01
   3.6632238e-01  -1.3164973e+00  -1.0343946e+00  -1.3137885e+00  -7.2236017e-01   1.9595718e-01   5.7689688e-01  -7.1175024e-01
   6.4414486e-02  -7.4033283e-01  -4.2947017e-01   1.3060988e-01  -7.2236017e-01  -4.9643264e-01  -6.9257852e-02  -9.6790429e-01
   6.4414486e-02  -6.7968394e-01   3.7709576e-01  -3.7178957e-01  -2.6796752e-01  -1.1258779e+00  -7.4297369e-01  -1.0532890e+00
  -1.1432171e+00   1.2307562e+00   3.7709576e-01   2.2030076e+00   1.6860581e-01   2.6507938e+00   8.9844308e-01  -7.1175024e-01
   6.6823028e-01  -3.1579058e-01  -2.2782869e-01   1.1354088e+00  -7.2236017e-01   2.5890171e-01  -6.2966693e-01  -7.9713492e-01
  -8.4130920e-01  -1.0132529e+00  -1.9417813e+00   1.3238086e+00   1.5969615e-01   2.8773941e+00   9.3046418e-02  -6.2636556e-01
  -2.3749341e-01  -4.2870554e-02   7.4633536e-02   5.7020939e-01   4.8044390e-01   1.3541365e+00  -4.1696749e-02  -2.8482683e-01
  -8.4130920e-01  -1.0351945e-01  -5.3029091e-01   9.4700898e-01   1.1514785e-01   1.4560156e-01  -6.2660459e-01  -8.8251960e-01
  -8.4130920e-01  -1.3384389e-01   9.8202021e-01   1.9340981e-01   5.6954050e-01   2.9666842e-01  -1.9175164e-01   5.6902000e-01
  -1.1432171e+00  -4.9773726e-01   7.8037873e-01  -1.3137885e+00  -7.2236017e-01  -5.3419935e-01   8.4332087e-01   2.4474830e+00
   6.4414486e-02   1.5643251e+00   7.4633536e-02  -4.3458950e-01   7.7446267e-01  -3.0759905e-01  -3.2037012e-01  -2.8672778e-02
  -2.3749341e-01   1.4733518e+00  -2.2782869e-01   1.0098089e+00   1.2823133e+00   2.9666842e-01  -3.3568184e-01  -2.8482683e-01
  -5.3940131e-01   1.0875168e-01  -4.2947017e-01  -5.7789918e-02   5.2499220e-01   2.0854608e-01  -1.1563902e+00  -1.9944214e-01
  -1.1432171e+00  -6.4935949e-01   7.4633536e-02   3.1900967e-01  -2.7687718e-01  -1.6912109e-01   4.0234323e-01  -1.0532890e+00
  -1.1432171e+00  -8.6163062e-01  -4.2947017e-01   2.5620974e-01   9.7328528e-02  -4.3348811e-01   2.0329083e-01  -9.6790429e-01
  -1.1432171e+00   2.3004947e-01   5.7873724e-01  -1.3137885e+00  -7.2236017e-01  -1.1876546e-01   7.2695177e-01  -3.7021151e-01
  -2.3749341e-01   1.9972502e-01   4.7791650e-01  -1.3137885e+00  -7.2236017e-01  -1.3902449e+00  -6.0516817e-01   1.8497902e+00
   3.6632238e-01  -4.6741281e-01   6.7955799e-01   5.7020939e-01  -7.2236017e-01   9.2611371e-01  -5.5004597e-01   3.9825063e-01
  -5.3940131e-01  -4.0676392e-01  -8.3275314e-01   3.1900967e-01  -1.6105161e-01   4.4890309e-02  -4.5205094e-01  -9.6790429e-01
   1.8758619e+00  -4.0676392e-01  -1.2700795e-01  -1.3137885e+00  -7.2236017e-01   3.2301404e-02  -5.9291880e-01   7.3978936e-01
   6.4414486e-02   9.8816064e-01  -3.2864943e-01   6.3300932e-01   1.8079832e+00   8.2657027e-02  -7.0010086e-01  -8.8251960e-01
   1.5739540e+00  -1.9533107e+00   5.7873724e-01   1.0098089e+00  -7.2236017e-01   8.2657027e-02  -1.1318915e+00   6.5440468e-01
  -5.3940131e-01  -4.6741281e-01  -2.2782869e-01   8.8420905e-01   3.3788934e-01  -2.0688780e-01   2.8614060e+00   5.6711904e-02
   3.6632238e-01   7.7588951e-01   4.7791650e-01  -1.3137885e+00  -7.2236017e-01   1.9595718e-01  -7.5828541e-01   2.7036371e+00
  -8.4130920e-01   9.5783619e-01   6.7955799e-01   1.3238086e+00   3.5988248e+00   1.0645917e+00   6.7795426e-01  -8.8251960e-01
   1.2720461e+00   2.0191918e+00   4.7791650e-01  -1.3137885e+00  -7.2236017e-01   1.9835818e+00  -1.0063353e+00   8.2517405e-01
   9.7013817e-01   9.2751174e-01   9.8202021e-01   1.4494084e+00  -7.2236017e-01   2.2479488e+00  -3.9386639e-01   2.2748127e-01
  -8.4130920e-01  -3.7643947e-01  -6.3111166e-01   5.0100131e-03   4.8044390e-01  -8.7409981e-01   1.1250566e+00  -8.8251960e-01
  -5.3940131e-01  -1.0132529e+00   2.7627502e-01  -1.2058985e-01  -2.5014820e-01  -3.9572139e-01  -7.2459962e-01  -9.6790429e-01
   3.9892171e+00   1.2610807e+00   1.7545428e-01   1.2610086e+00   2.9334104e-01   1.1023584e+00   1.0760591e+00   1.1667128e+00
   6.4414486e-02   8.9718730e-01   1.0828410e+00   1.0726088e+00  -7.2236017e-01  -3.0759905e-01  -5.2554721e-01   2.2748127e-01
   9.7013817e-01  -5.8871060e-01   2.7627502e-01   1.1982087e+00   2.1315411e-01   6.3656888e-01  -8.0115824e-01   9.9594341e-01
  -1.1432171e+00  -2.2481723e-01   5.7873724e-01   8.2140912e-01   1.8168929e+00   1.5177923e+00  -9.1446499e-01  -5.4098087e-01
  -5.3940131e-01  -6.4935949e-01  -2.2782869e-01   1.3060988e-01  -7.2236017e-01  -3.0759905e-01  -2.9893370e-01  -1.0532890e+00
  -1.1432171e+00   2.9069836e-01   9.8202021e-01  -1.3137885e+00  -7.2236017e-01  -6.8409842e-02   8.4944556e-01  -1.1405746e-01
   6.6823028e-01  -5.2806170e-01   2.7627502e-01  -1.8338978e-01   6.6754675e-01  -2.8242124e-01   7.8513632e-01   6.5440468e-01
  -2.3749341e-01   8.0621396e-01  -1.2700795e-01   2.5620974e-01  -7.2236017e-01   4.4890309e-02  -6.4191631e-01  -9.6790429e-01
   6.6823028e-01   3.8167170e-01   7.4633536e-02   1.3060988e-01   4.3589560e-01   4.0996857e-01   2.3391427e-01  -3.7021151e-01
  -5.3940131e-01  -1.0435773e+00  -3.4540924e+00   1.3060988e-01  -7.2236017e-01  -4.0831030e-01   9.4131590e-01  -7.1175024e-01
  -5.3940131e-01  -1.4074707e+00  -2.2782869e-01   1.9340981e-01  -2.3232888e-01  -3.0759905e-01  -2.9280902e-01  -2.8672778e-02
   6.6823028e-01  -1.1042262e+00   4.7791650e-01  -1.3137885e+00  -7.2236017e-01  -1.1876546e-01  -2.5606088e-01   7.3978936e-01
   3.6632238e-01   2.6037391e-01   6.7955799e-01  -1.3137885e+00  -7.2236017e-01   8.7575809e-01   1.5017250e+00   3.1286595e-01
   3.6632238e-01  -1.4681196e+00  -4.2947017e-01  -1.3137885e+00  -7.2236017e-01  -6.7267732e-01  -6.0516817e-01  -5.4098087e-01
   6.4414486e-02   5.9394283e-01   2.7627502e-01  -1.3137885e+00  -7.2236017e-01  -5.7196607e-01  -6.7866445e-01   5.6902000e-01
   9.7013817e-01   2.2011385e+00  -2.6187206e-02   4.4460953e-01  -7.2236017e-01   4.7291310e-01   8.5557025e-01   6.5440468e-01
   1.2720461e+00   1.8069207e+00  -2.6187206e-02   9.4700898e-01   3.6879214e+00  -2.5724343e-01   4.5746544e-01   2.2767136e+00
  -8.4130920e-01   1.9972502e-01   1.4861239e+00   1.2610086e+00  -2.0559990e-01  -1.8054219e-02   2.6194808e+00  -2.8672778e-02
   1.2720461e+00  -3.7643947e-01   3.7709576e-01   1.1354088e+00   2.9334104e-01  -5.3419935e-01   5.3402406e-01  -1.9944214e-01
   3.6632238e-01   5.3329394e-01   5.7873724e-01   8.8420905e-01   7.0318539e-01  -6.8409842e-02  -3.2037012e-01  -7.1175024e-01
   9.7013817e-01   1.1397829e+00  -1.2700795e-01  -1.3137885e+00  -7.2236017e-01  -2.1947671e-01  -2.5299853e-01   2.2748127e-01
   2.1777698e+00   4.1199615e-01  -3.4540924e+00  -1.3137885e+00  -7.2236017e-01   2.5374936e+00   3.4415868e-01   5.6902000e-01
   1.2720461e+00  -1.1042262e+00  -6.8152203e-01  -5.7789918e-02  -7.2236017e-01  -9.7481105e-01  -1.0093977e+00   7.3978936e-01
   3.6632238e-01   1.1094584e+00   7.8037873e-01   1.2610086e+00   1.1486684e+00   9.1352480e-01  -2.1625040e-01  -3.7021151e-01
  -8.4130920e-01  -4.9773726e-01  -5.3029091e-01  -1.3137885e+00  -7.2236017e-01  -9.8739996e-01  -8.5321810e-01  -1.0532890e+00
  -2.3749341e-01  -4.3708836e-01  -3.2864943e-01  -4.9738944e-01  -2.9469650e-01  -1.1636446e+00   6.5039315e-01  -8.8251960e-01
   6.4414486e-02  -3.7643947e-01  -2.2782869e-01   1.4494084e+00   1.5969615e-01   3.3443514e-01   1.3455454e+00  -6.2636556e-01
   6.4414486e-02   8.0621396e-01  -4.2947017e-01   3.8180960e-01   2.1109116e+00  -1.5653218e-01  -9.6652485e-01  -3.7021151e-01
  -8.4130920e-01   5.0296949e-01   6.7955799e-01  -1.3137885e+00  -7.2236017e-01   1.0016471e+00  -7.0316321e-01  -4.5559619e-01
  -1.1432171e+00  -4.0676392e-01  -2.6187206e-02  -5.7789918e-02  -7.2236017e-01  -6.0973279e-01   9.8418873e-01  -1.1405746e-01
  -5.3940131e-01  -6.7968394e-01   7.4633536e-02  -3.0898964e-01  -3.3033514e-01  -1.4783673e+00  -7.0622555e-01  -5.4098087e-01
   3.6632238e-01  -3.1579058e-01   1.7545428e-01   4.4460953e-01  -7.2236017e-01  -1.0377556e+00  -1.7950226e-01  -5.4098087e-01
   3.6632238e-01   1.2307562e+00   1.7885861e+00  -1.3137885e+00  -7.2236017e-01   6.9951341e-01  -9.6346251e-01   1.5936362e+00
  -8.4130920e-01  -7.7065728e-01  -2.2782869e-01   3.8180960e-01   5.2780229e-02   1.3301265e-01  -5.4085894e-01  -1.0532890e+00
   9.7013817e-01   1.8978940e+00   7.8037873e-01   7.5860919e-01  -7.2236017e-01   4.2255748e-01  -3.3874419e-01   6.5440468e-01
  -5.3940131e-01  -1.2255240e+00  -4.2947017e-01   6.7809944e-02  -7.2236017e-01  -5.5937716e-01  -5.3779659e-01  -7.1175024e-01
   9.7013817e-01   1.7462718e+00   1.3348928e+00   6.3300932e-01  -7.2236017e-01   2.5890171e-01  -9.2365202e-01   2.2767136e+00
  -1.1432171e+00   5.6361838e-01  -1.7741832e-01   3.1900967e-01   4.3589560e-01   1.3163698e+00  -1.0600599e-01  -7.9713492e-01
   1.5739540e+00  -2.8546613e-01   6.7955799e-01   6.9580926e-01   8.3683029e-01   2.5890171e-01  -6.2966693e-01   2.2748127e-01
   2.4796777e+00   8.9718730e-01   7.4633536e-02   1.1982087e+00   1.6921576e+00   1.2156585e+00   8.4638322e-01   3.9825063e-01
   3.6632238e-01  -3.7643947e-01  -3.2864943e-01   1.2610086e+00   4.2698594e-01   4.6032420e-01   1.4816862e-01  -7.1175024e-01
   3.6632238e-01  -1.1042262e+00   2.7627502e-01   6.7809944e-02  -7.2236017e-01  -3.9572139e-01   2.3224334e+00  -1.1405746e-01
   3.6632238e-01  -2.8546613e-01  -1.2700795e-01  -1.3137885e+00  -7.2236017e-01   7.1210231e-01  -6.2660459e-01   6.5440468e-01
  -1.1432171e+00   1.6856229e+00  -4.2947017e-01   5.0740946e-01   3.5364572e+00   3.0925733e-01   1.8569570e+00  -1.0532890e+00
  -5.3940131e-01   1.1094584e+00   1.0828410e+00  -1.3137885e+00  -7.2236017e-01  -6.8409842e-02   1.0393109e+00   2.7890217e+00
   9.7013817e-01  -7.3195001e-02  -3.4540924e+00  -1.3137885e+00  -7.2236017e-01  -8.7409981e-01  -7.8584651e-01   3.1286595e-01
   9.7013817e-01   6.2426728e-01  -4.2947017e-01   7.5860919e-01   9.7047519e-01  -4.2089920e-01   6.7795426e-01   2.3620983e+00
  -8.4130920e-01  -6.4935949e-01  -1.2700795e-01  -3.7178957e-01  -2.2341922e-01  -1.0755223e+00   6.1364502e-01  -6.2636556e-01
  -8.4130920e-01  -1.0435773e+00   4.7791650e-01   3.8180960e-01  -4.3725106e-01   3.0925733e-01  -1.1165797e+00  -9.6790429e-01
  -1.1432171e+00  -6.1903504e-01   3.7709576e-01  -1.3137885e+00  -7.2236017e-01   4.4773529e-01  -8.1953230e-01  -6.2636556e-01
  -1.1432171e+00  -1.3384389e-01   5.7873724e-01   6.3300932e-01  -2.5014820e-01   1.6436813e+00  -1.1533279e+00  -7.9713492e-01
   6.4414486e-02   6.2426728e-01   8.8119947e-01  -1.3137885e+00  -7.2236017e-01   1.4926145e+00   5.4933578e-01  -9.6790429e-01
   6.6823028e-01   3.8167170e-01   5.7873724e-01   1.0098089e+00   2.5742139e+00   1.7695704e+00  -6.9703852e-01   1.0813281e+00
  -8.4130920e-01  -1.2861729e+00   5.7873724e-01   2.5620974e-01  -3.9270276e-01  -8.4892200e-01   3.5947041e-01  -9.6790429e-01
   6.4414486e-02   1.7778340e-02  -2.6187206e-02  -1.3137885e+00  -7.2236017e-01   3.5961295e-01  -2.1931274e-01  -3.7021151e-01
  -2.3749341e-01  -1.4377951e+00  -2.6187206e-02   4.4460953e-01  -3.2142548e-01  -3.0759905e-01  -5.2860956e-01  -8.8251960e-01
   6.4414486e-02   1.5036762e+00   1.7545428e-01  -1.3137885e+00  -7.2236017e-01   1.4422588e+00   4.0986558e-02  -6.2636556e-01
   9.7013817e-01   1.8069207e+00   7.8037873e-01   5.0100131e-03   9.8829451e-01   4.7291310e-01   3.6865744e-01   1.5082515e+00
  -1.1432171e+00   1.7462718e+00   1.0828410e+00   3.8180960e-01  -7.2236017e-01   1.5052034e+00   6.7489191e-01  -8.8251960e-01
   1.5739540e+00   1.2914051e+00   7.8037873e-01   5.0100131e-03  -7.2236017e-01  -1.6912109e-01   1.1189319e+00  -1.1405746e-01
  -1.1432171e+00  -5.2806170e-01   3.7709576e-01  -1.3137885e+00  -7.2236017e-01  -1.7301454e+00   3.5640806e-01  -5.4098087e-01
  -2.3749341e-01   5.3329394e-01  -7.3193240e-01  -1.3137885e+00  -7.2236017e-01  -8.2374418e-01  -1.9481398e-01  -9.6790429e-01
  -5.3940131e-01   7.4556506e-01   3.7709576e-01   8.8420905e-01   1.0061138e+00   7.6245793e-01  -4.1836515e-01  -3.7021151e-01
  -1.1432171e+00   1.3217296e+00   1.0828410e+00   7.5860919e-01   5.3362085e+00   2.5374936e+00  -1.1825537e-01  -8.8251960e-01
   1.5739540e+00   7.8427234e-02   7.4633536e-02   7.5860919e-01   2.8593231e+00   4.0996857e-01  -5.6229535e-01   5.6711904e-02
  -8.4130920e-01  -3.1579058e-01   8.8119947e-01  -1.2058985e-01  -7.2236017e-01  -2.5724343e-01  -9.8796126e-01  -8.8251960e-01
   1.5739540e+00  -4.6741281e-01  -8.3275314e-01  -1.3137885e+00  -7.2236017e-01  -1.1876546e-01  -2.6218557e-01   7.3978936e-01
  -5.3940131e-01  -9.5260396e-01   5.7873724e-01  -4.3458950e-01  -2.3232888e-01  -9.7481105e-01  -6.6335272e-01  -7.9713492e-01
   2.4796777e+00  -8.9195506e-01  -3.2864943e-01  -8.7418902e-01   1.5763321e+00  -5.7196607e-01   1.4098546e+00   9.1055873e-01
  -8.4130920e-01  -2.5514168e-01  -2.2782869e-01   8.8420905e-01  -7.2236017e-01   1.8336827e-01   2.3697662e-01  -1.0532890e+00
  -2.3749341e-01  -3.1579058e-01  -6.3111166e-01   1.1354088e+00  -7.2236017e-01  -2.5724343e-01   2.7984944e-01  -2.8482683e-01
  -8.4130920e-01   2.1708141e+00  -9.3357388e-01  -3.0898964e-01   2.6187622e+00  -7.8597747e-01   5.7995923e-01  -7.9713492e-01
   2.1777698e+00   1.0184851e+00   3.7709576e-01   4.4460953e-01   6.1408880e-01   1.4560156e-01   2.7174758e+00   1.5082515e+00
  -2.3749341e-01   2.1101652e+00  -2.6187206e-02  -3.7178957e-01   4.3589560e-01  -1.5653218e-01  -5.1023549e-01   5.6711904e-02
  -2.3749341e-01   5.9394283e-01  -3.4540924e+00  -1.3137885e+00  -7.2236017e-01  -2.6983233e-01   9.0456776e-01  -5.4098087e-01
   6.4414486e-02  -8.0098172e-01   7.4633536e-02   6.9580926e-01  -7.2236017e-01  -5.4653134e-03   4.4827840e-01  -7.9713492e-01
  -2.3749341e-01   6.2426728e-01   5.7873724e-01  -3.7178957e-01  -7.2236017e-01   3.2301404e-02  -8.1340761e-01   2.5328677e+00
   6.4414486e-02   4.8102787e-02  -3.2864943e-01  -1.3137885e+00  -7.2236017e-01  -1.8054219e-02  -7.3378665e-01   1.4209659e-01
  -1.1432171e+00   5.0296949e-01  -3.4540924e+00  -1.3137885e+00  -7.2236017e-01   5.2326873e-01   1.4312911e+00  -7.1175024e-01
  -5.3940131e-01   1.9972502e-01  -2.2782869e-01   1.3238086e+00  -7.2236017e-01   9.8905824e-01   1.9457650e+00  -7.9713492e-01
  -1.1432171e+00  -5.8871060e-01  -8.3275314e-01  -1.3137885e+00  -7.2236017e-01  -8.8668871e-01  -1.1870137e+00  -1.0532890e+00
  -5.3940131e-01   7.4556506e-01  -3.4540924e+00  -1.3137885e+00  -7.2236017e-01  -5.8455498e-01  -6.9091383e-01  -4.5559619e-01
   1.8758619e+00  -6.1903504e-01   8.8119947e-01   1.0098089e+00  -7.2236017e-01   1.6940370e+00   2.0529470e+00   3.9825063e-01
  -2.3749341e-01   1.7778340e-02   4.7791650e-01  -1.3137885e+00  -7.2236017e-01  -1.1510557e+00  -6.4804100e-01   5.6902000e-01
   9.7013817e-01  -4.6741281e-01  -4.2947017e-01   1.9340981e-01  -7.2236017e-01  -7.1044403e-01  -5.1942252e-01  -3.7021151e-01
  -1.1432171e+00  -5.2806170e-01  -2.2782869e-01   1.3060988e-01   3.1116036e-01  -5.4678826e-01  -3.5572060e-02  -8.8251960e-01
   3.6632238e-01  -2.2481723e-01   2.7627502e-01  -1.3137885e+00  -7.2236017e-01  -9.1186652e-01   8.5250790e-01   2.0205596e+00
  -5.3940131e-01  -4.0676392e-01  -3.2864943e-01  -6.8578923e-01   1.7545252e+00  -8.6151090e-01   1.2720491e+00  -9.6790429e-01
  -1.1432171e+00   7.4556506e-01   7.4633536e-02  -1.3137885e+00  -7.2236017e-01   7.2469122e-01  -4.0305342e-01  -4.5559619e-01
   1.8758619e+00   2.3004947e-01   3.7709576e-01   4.4460953e-01   3.6461832e-01   4.7291310e-01  -5.6842004e-01   4.8363532e-01
   9.7013817e-01   3.5134725e-01   9.8202021e-01  -3.7178957e-01   6.5863709e-01   3.2301404e-02  -6.2354224e-01   3.1286595e-01
   9.7013817e-01   1.2004318e+00   8.8119947e-01  -1.3137885e+00  -7.2236017e-01  -2.1947671e-01  -9.2058968e-01   1.1667128e+00
  -5.3940131e-01  -4.0676392e-01   5.7873724e-01  -1.3137885e+00  -7.2236017e-01  -6.4749950e-01  -6.3272928e-01   1.5936362e+00
   9.7013817e-01   4.4232060e-01   2.7627502e-01   3.1900967e-01   4.8044390e-01  -7.7338856e-01   5.5546047e-01   1.5082515e+00
   6.4414486e-02  -7.7065728e-01  -6.3111166e-01  -2.4618971e-01  -2.8578684e-01  -1.4280117e+00  -3.8467936e-01  -6.2636556e-01
   3.6632238e-01  -4.0676392e-01   1.7545428e-01   1.3866085e+00  -5.4135688e-02   4.9809091e-01  -6.2047990e-01  -2.8672778e-02
  -1.1432171e+00  -1.3164973e+00   9.8202021e-01   5.0740946e-01  -3.6597378e-01   5.9880216e-01  -9.6818954e-02  -1.0532890e+00
  -1.1432171e+00  -4.3708836e-01  -3.2864943e-01   5.7020939e-01  -6.3045348e-02   5.6103544e-01   8.9231839e-01  -7.1175024e-01
  -5.3940131e-01   1.9972502e-01   4.7791650e-01   1.0098089e+00   8.9919791e-01   1.4044921e+00   2.3224334e+00  -1.9944214e-01
   6.6823028e-01   8.9718730e-01  -3.2864943e-01   6.3300932e-01   3.4679900e-01   4.2255748e-01   6.9326598e-01  -4.5559619e-01
  -1.1432171e+00   1.3907613e-01   7.8037873e-01   5.0740946e-01   1.1932167e+00  -1.8170999e-01   1.6654269e-01  -7.9713492e-01
   1.2720461e+00  -2.8546613e-01   1.7545428e-01  -1.3137885e+00  -7.2236017e-01  -1.0755223e+00   1.1464930e+00   2.1059443e+00
  -5.3940131e-01   6.8491617e-01  -5.3029091e-01   7.5860919e-01   4.8044390e-01  -6.8409842e-02  -1.3356709e-01  -7.1175024e-01
   3.6632238e-01  -1.3468218e+00   6.7955799e-01   1.2610086e+00  -3.4815446e-01   4.6032420e-01  -9.4815078e-01   1.4209659e-01
   3.6632238e-01  -1.9449279e-01   1.4861239e+00  -1.3137885e+00  -7.2236017e-01   2.6130271e+00  -7.8584651e-01  -4.5559619e-01
  -2.3749341e-01   8.6686285e-01   3.7709576e-01  -1.3137885e+00  -7.2236017e-01  -1.4028338e+00  -7.9197120e-01   3.1286595e-01
  -5.3940131e-01  -4.2870554e-02   3.7709576e-01   1.0098089e+00   2.1315411e-01   9.5129152e-01  -7.6747244e-01  -3.7021151e-01
   1.8758619e+00   1.2004318e+00  -2.6187206e-02   1.3060988e-01   4.5371492e-01  -8.3633309e-01  -4.2755218e-01   1.1667128e+00
  -1.1432171e+00   1.9972502e-01  -2.6187206e-02  -1.2058985e-01   8.8137859e-01  -2.0688780e-01   2.8338449e+00  -7.1175024e-01
   6.6823028e-01  -1.2558484e+00  -1.2700795e-01   5.7020939e-01  -7.2236017e-01  -7.4821075e-01  -4.6736266e-01   6.5440468e-01
  -1.1432171e+00  -4.6741281e-01   7.4633536e-02   1.0098089e+00   5.9626948e-01   9.1352480e-01   4.2684199e-01  -9.6790429e-01
  -5.3940131e-01   1.0184851e+00   2.7627502e-01  -2.4618971e-01   1.3296717e-01  -6.9785513e-01  -9.9881299e-02  -5.4098087e-01
  -2.3749341e-01  -2.5514168e-01  -9.3357388e-01  -6.8578923e-01   3.4960910e-02  -3.3277686e-01   4.9115123e-01  -7.1175024e-01
   9.7013817e-01  -3.7643947e-01   5.7873724e-01   6.3300932e-01  -7.2236017e-01   4.7291310e-01   2.0253859e+00   8.2517405e-01
  -2.3749341e-01  -6.7968394e-01   5.7873724e-01  -6.2298930e-01  -1.5214195e-01  -1.6168452e+00  -5.5617066e-01  -2.8482683e-01
  -2.3749341e-01  -1.9449279e-01  -1.2700795e-01   1.1354088e+00   5.2499220e-01   7.4986903e-01  -9.6652485e-01  -4.5559619e-01
   6.6823028e-01   2.2011385e+00   4.7791650e-01  -1.3137885e+00  -7.2236017e-01  -1.0881112e+00  -1.0308341e+00   2.1913290e+00
  -2.3749341e-01  -2.8546613e-01   2.7627502e-01   5.7020939e-01  -7.2236017e-01  -6.8409842e-02  -8.2259465e-01  -7.1175024e-01
  -1.1432171e+00   7.8427234e-02   7.4633536e-02  -5.7789918e-02  -7.2236017e-01  -5.9714388e-01  -6.4804100e-01   2.2748127e-01
   2.7815855e+00   9.2751174e-01   1.0828410e+00   7.5860919e-01  -4.6398004e-01  -6.7267732e-01   8.1269742e-01   8.2517405e-01
  -8.4130920e-01   1.0791340e+00   1.7545428e-01   5.0100131e-03   7.7446267e-01  -8.2374418e-01  -1.0492082e+00  -7.9713492e-01
  -8.4130920e-01   1.7778340e-02  -2.2782869e-01   6.9580926e-01   6.6754675e-01   3.7220186e-01   6.9326598e-01  -2.8482683e-01
  -5.3940131e-01  -5.8871060e-01   8.8119947e-01   9.4700898e-01   3.4679900e-01   1.6814481e+00  -1.0369588e+00  -8.8251960e-01
   6.6823028e-01  -4.9773726e-01   7.4633536e-02   6.9580926e-01  -1.1650331e-01  -1.6912109e-01  -1.0522705e+00   3.1286595e-01
  -8.4130920e-01   1.7765963e+00  -3.4540924e+00  -1.3137885e+00  -7.2236017e-01   1.4044921e+00  -5.6229535e-01   6.5440468e-01
  -8.4130920e-01  -8.0098172e-01  -4.2947017e-01  -1.8338978e-01  -2.0559990e-01  -1.0377556e+00  -6.2966693e-01  -9.6790429e-01
  -1.1432171e+00   1.3217296e+00   3.7709576e-01   1.3866085e+00   1.5496031e+00   1.9835818e+00  -6.3272928e-01  -6.2636556e-01
  -1.1432171e+00  -1.3384389e-01  -3.4540924e+00  -1.3137885e+00  -7.2236017e-01   2.0854608e-01   1.4282287e+00   9.1055873e-01
   3.6632238e-01  -1.9449279e-01   3.7709576e-01  -1.3137885e+00  -7.2236017e-01  -1.1876546e-01  -3.7549232e-01   9.1055873e-01
   9.7013817e-01   1.7159474e+00   7.8037873e-01  -1.3137885e+00  -7.2236017e-01   9.7646933e-01  -4.1224046e-01   6.5440468e-01
  -8.4130920e-01   2.6037391e-01   7.4633536e-02  -4.9738944e-01   2.1315411e-01  -7.8597747e-01   1.9550145e-02  -9.6790429e-01
  -8.4130920e-01  -8.0098172e-01   2.7627502e-01   5.0100131e-03  -7.1955007e-02  -7.8597747e-01   6.3508143e-01   2.2748127e-01
  -8.4130920e-01  -3.6818042e+00  -2.6187206e-02   8.8420905e-01  -7.2236017e-01  -1.8054219e-02  -2.3462447e-01  -9.6790429e-01
   3.6632238e-01   1.7778340e-02   8.8119947e-01  -1.3137885e+00  -7.2236017e-01   3.2184623e-01  -5.3779659e-01  -2.8672778e-02
  -8.4130920e-01   5.3329394e-01  -1.1352154e+00  -1.2058985e-01   1.7141590e-02  -4.3348811e-01   5.7689688e-01  -9.6790429e-01
  -2.3749341e-01  -6.7968394e-01  -3.2864943e-01  -1.2058985e-01  -6.3045348e-02  -1.3021226e+00  -5.7148238e-01  -6.2636556e-01
   3.6632238e-01  -3.6818042e+00   5.7873724e-01   6.9580926e-01  -7.2236017e-01   1.1149473e+00  -3.6630529e-01   3.1286595e-01
   6.4414486e-02  -8.9195506e-01   5.7873724e-01  -1.3137885e+00  -7.2236017e-01   1.2660142e+00  -7.0010086e-01  -3.7021151e-01
   6.4414486e-02   4.7264504e-01   7.8037873e-01  -1.3137885e+00  -7.2236017e-01  -1.1876546e-01  -6.5416569e-01  -2.8482683e-01
  -2.3749341e-01  -1.8320129e+00   6.7955799e-01   4.4460953e-01  -7.2236017e-01   2.8407952e-01  -6.8172679e-01   1.0813281e+00
  -8.4130920e-01  -9.5260396e-01  -3.2864943e-01  -5.6018937e-01  -3.3924480e-01  -6.2232169e-01   3.5028337e-01  -7.9713492e-01
  -2.3749341e-01  -9.5260396e-01   4.7791650e-01  -1.3137885e+00  -7.2236017e-01   1.3289587e+00   2.8597413e-01  -1.0532890e+00
  -8.4130920e-01   1.0875168e-01  -9.3357388e-01   1.1982087e+00   7.6555301e-01   1.4560156e-01   1.5200991e+00  -4.5559619e-01
   2.7815855e+00   2.3004947e-01  -3.4540924e+00   5.7020939e-01  -7.2236017e-01   9.7646933e-01   3.1659758e-01   9.1055873e-01
   2.4796777e+00  -1.0132529e+00   2.7627502e-01   1.1982087e+00  -2.4123854e-01   3.9737967e-01  -2.6831026e-01   1.2520975e+00
  -8.4130920e-01   2.2617874e+00   3.7709576e-01   9.4700898e-01   1.4961451e+00   5.4844654e-01   1.2536751e+00  -3.7021151e-01
   3.6632238e-01   2.0495163e+00  -2.2782869e-01   7.5860919e-01   2.1732793e+00  -1.1876546e-01   3.5947041e-01  -3.7021151e-01
   6.4414486e-02   7.4556506e-01   4.7791650e-01  -1.3137885e+00  -7.2236017e-01   8.0022465e-01   1.6654269e-01   2.8744064e+00
   6.4414486e-02   7.7588951e-01   2.7627502e-01   2.5620974e-01   1.8881701e+00   3.4702405e-01  -2.4687384e-01  -2.8482683e-01
  -1.1432171e+00  -6.1903504e-01  -2.2782869e-01  -2.4618971e-01  -7.2236017e-01  -1.4028338e+00  -6.5416569e-01  -1.0532890e+00
  -8.4130920e-01   3.5134725e-01   1.6877654e+00   4.4460953e-01   5.2499220e-01   8.2657027e-02  -7.0928789e-01   9.9594341e-01
  -2.3749341e-01   1.5643251e+00   6.7955799e-01   1.7006082e+00   3.4206316e+00   7.8763575e-01   5.1183541e+00  -7.1175024e-01
  -5.3940131e-01  -4.9773726e-01  -5.3029091e-01   1.1982087e+00   1.1514785e-01   3.4702405e-01  -7.3684900e-01  -7.1175024e-01
  -1.1432171e+00  -7.1000838e-01   6.7955799e-01  -3.7178957e-01   2.6051250e-02  -8.7409981e-01  -5.1023549e-01  -9.6790429e-01
  -8.4130920e-01  -1.0435773e+00  -4.2947017e-01   1.0098089e+00  -5.4135688e-02   6.3656888e-01   1.3285690e-01  -9.6790429e-01
   6.4414486e-02   1.0488095e+00   3.2668539e-01  -1.3137885e+00  -7.2236017e-01   2.0339374e+00  -6.9703852e-01  -1.1405746e-01
  -1.1432171e+00  -8.6163062e-01   1.5869447e+00   1.1354088e+00  -8.0864667e-02   1.4170810e+00   1.7007774e+00   1.4209659e-01
  -8.4130920e-01  -4.3708836e-01   1.7545428e-01   5.7020939e-01   8.2319306e-03  -1.6912109e-01   1.0883084e+00  -7.9713492e-01
  -8.4130920e-01  -3.7643947e-01  -4.2947017e-01  -8.1138909e-01   8.9919791e-01  -8.4892200e-01   1.4741639e+00  -1.0532890e+00
  -8.4130920e-01  -9.5260396e-01  -3.2864943e-01  -1.8338978e-01  -1.9669024e-01  -8.8668871e-01   2.4571765e+00  -7.1175024e-01
  -8.4130920e-01   1.0875168e-01   7.4633536e-02   1.9340981e-01   2.5770240e-01  -9.8739996e-01  -7.4909838e-01  -7.1175024e-01
   3.6632238e-01  -1.6416834e-01   2.7627502e-01   5.0740946e-01  -7.2236017e-01   1.9712498e-02   5.9527095e-01   1.4209659e-01
   3.6632238e-01   6.8491617e-01   6.7955799e-01   3.1900967e-01   1.8168929e+00  -1.8054219e-02  -4.1696749e-02   2.1059443e+00
  -2.3749341e-01  -6.4935949e-01  -2.6187206e-02   1.3060988e-01  -6.7772922e-04  -6.8409842e-02   1.4802886e+00  -4.5559619e-01
  -8.4130920e-01  -6.4935949e-01  -1.2700795e-01   5.0740946e-01   1.0239331e+00  -1.8054219e-02  -6.6195507e-02   7.3978936e-01
   6.4414486e-02  -1.6416834e-01   1.7545428e-01  -5.6018937e-01   5.2780229e-02  -1.2643559e+00  -8.0109574e-03   3.1286595e-01
   6.4414486e-02   1.1094584e+00   4.7791650e-01  -1.3137885e+00  -7.2236017e-01   9.5245932e-02   1.0331862e+00  -1.9944214e-01
  -5.3940131e-01   1.6940057e-01  -5.3029091e-01   1.9340981e-01   1.7277963e+00  -5.5937716e-01   3.4738750e+00  -7.1175024e-01
  -2.3749341e-01  -7.7065728e-01  -6.3111166e-01   8.2140912e-01   3.0225070e-01  -9.3704434e-01   1.4649768e+00   4.8363532e-01
  -2.3749341e-01  -1.1951995e+00   7.4633536e-02  -1.3137885e+00  -7.2236017e-01  -1.3902449e+00  -2.3462447e-01  -7.1175024e-01
  -2.3749341e-01   2.1708141e+00   7.4633536e-02   6.3300932e-01  -7.2236017e-01   3.4702405e-01  -6.8785148e-01  -7.1175024e-01
   6.4414486e-02  -8.0098172e-01  -2.2782869e-01  -1.3137885e+00  -7.2236017e-01  -1.8054219e-02  -9.3283906e-01  -1.9944214e-01
   3.6632238e-01   4.4232060e-01   7.8037873e-01   1.2610086e+00   6.1689889e-02   3.5961295e-01  -5.5004597e-01   1.4209659e-01
   1.5739540e+00  -1.4984440e+00   4.7791650e-01   2.5620974e-01  -7.2236017e-01  -6.8409842e-02  -5.6842004e-01   3.9825063e-01
   3.6632238e-01   1.4127029e+00  -2.2782869e-01  -1.3137885e+00  -7.2236017e-01   9.5245932e-02  -1.0124600e+00   6.5440468e-01
  -1.1432171e+00  -6.1903504e-01  -3.2864943e-01  -1.3137885e+00  -7.2236017e-01  -1.2895337e+00  -3.9692874e-01  -7.1175024e-01
  -8.4130920e-01   1.5340007e+00  -2.6187206e-02   1.7634081e+00   4.4363328e+00   1.2911920e+00   7.2388943e-01  -4.5559619e-01
   6.6823028e-01  -5.8871060e-01   1.0828410e+00   1.1354088e+00  -7.2236017e-01   4.4773529e-01   6.3814378e-01  -4.5559619e-01
  -8.4130920e-01  -2.8546613e-01   1.7545428e-01   5.7020939e-01   8.4573995e-01   2.8407952e-01   1.9104145e-01  -7.1175024e-01
  -8.4130920e-01   6.5459172e-01   2.7627502e-01   6.7809944e-02  -1.7887092e-01  -7.4821075e-01  -6.4191631e-01  -1.0532890e+00
  -8.4130920e-01  -7.4033283e-01  -2.6187206e-02   5.0100131e-03  -7.2236017e-01  -6.2232169e-01   1.9273909e+00  -9.6790429e-01
   6.4414486e-02   6.8491617e-01   6.7955799e-01   6.9580926e-01  -7.2236017e-01   8.0022465e-01   2.7066241e-01   3.1286595e-01
  -8.4130920e-01  -1.1648751e+00  -2.6187206e-02  -1.3137885e+00  -7.2236017e-01  -1.7553232e+00   4.8502654e-01  -5.4098087e-01
  -2.3749341e-01   2.3004947e-01  -2.2782869e-01   5.0740946e-01   3.0225070e-01  -7.2303294e-01  -7.5522307e-01  -4.5559619e-01
  -8.4130920e-01  -7.3195001e-02   9.8202021e-01   1.2610086e+00   7.9228199e-01   1.6562702e+00   1.2673221e-01  -6.2636556e-01
  -5.3940131e-01  -1.9449279e-01  -2.2782869e-01   6.7809944e-02  -7.2236017e-01  -1.6912109e-01  -1.3662944e-01  -1.0532890e+00
   6.4414486e-02   1.8978940e+00   4.7791650e-01   1.1354088e+00   1.7456156e+00   6.1139107e-01  -6.1741755e-01  -1.9944214e-01
  -1.1432171e+00  -8.3130617e-01  -3.4540924e+00  -1.3137885e+00  -7.2236017e-01  -4.0465040e+00  -6.4191631e-01  -7.1175024e-01
  -8.4130920e-01   1.8069207e+00  -2.2782869e-01   5.7020939e-01   8.8137859e-01   2.4631280e-01  -4.2142749e-01   3.9825063e-01
  -1.1432171e+00   4.1199615e-01   1.2844824e+00   1.5750083e+00   5.6954050e-01   1.0645917e+00  -5.5617066e-01  -6.2636556e-01
  -2.3749341e-01  -9.8292841e-01   2.7627502e-01  -3.0898964e-01   3.4960910e-02  -2.1947671e-01   2.6147538e-01   3.9825063e-01
  -5.3940131e-01   5.3329394e-01   3.2668539e-01  -1.3137885e+00  -7.2236017e-01  -8.2374418e-01  -9.1446499e-01  -3.7021151e-01
  -1.1432171e+00   5.9394283e-01  -3.4540924e+00  -1.3137885e+00  -7.2236017e-01   1.2911920e+00  -7.9809589e-01  -3.7021151e-01
   2.4796777e+00   5.6361838e-01   8.3078910e-01   7.5860919e-01  -7.2236017e-01   6.6174669e-01  -6.7866445e-01   6.5440468e-01
   3.6632238e-01   7.7588951e-01   3.2668539e-01  -1.3137885e+00  -7.2236017e-01  -2.8242124e-01  -9.6818954e-02  -4.5559619e-01
  -8.4130920e-01  -7.4033283e-01   7.4633536e-02  -3.7178957e-01  -7.2236017e-01  -1.7553232e+00  -9.7571188e-01  -1.0532890e+00
   6.6823028e-01  -4.3708836e-01   9.8202021e-01  -1.3137885e+00  -7.2236017e-01   5.8621325e-01   8.0044804e-01  -1.9944214e-01
   6.4414486e-02  -1.3384389e-01  -2.2782869e-01   3.8180960e-01   3.4679900e-01   1.3301265e-01  -7.2153727e-01  -7.9713492e-01
   1.2720461e+00  -4.0676392e-01   7.4633536e-02  -1.3137885e+00  -7.2236017e-01  -2.0688780e-01   1.4986626e+00  -2.8672778e-02
   6.4414486e-02  -1.3384389e-01  -3.2864943e-01  -5.6018937e-01  -7.2236017e-01  -3.0759905e-01  -2.6218557e-01  -2.8482683e-01
  -1.1432171e+00   1.7765963e+00   4.7791650e-01   2.6426071e+00  -5.9762493e-01   3.4313059e+00   5.9849976e+00  -7.1175024e-01
  -8.4130920e-01  -6.4935949e-01   1.7545428e-01  -5.6018937e-01  -9.8683987e-02  -8.6151090e-01   5.8914626e-01  -4.5559619e-01
  -1.1432171e+00  -8.0098172e-01   5.7873724e-01   1.5122084e+00   9.7328528e-02   5.4844654e-01  -4.1530280e-01  -6.2636556e-01
  -1.1432171e+00  -5.2806170e-01  -2.2782869e-01   1.0098089e+00  -1.5214195e-01   1.8336827e-01   1.3591924e-01  -9.6790429e-01
  -1.1432171e+00  -4.2870554e-02   2.7627502e-01  -1.8338978e-01  -1.6105161e-01  -2.0688780e-01  -5.5310831e-01  -6.2636556e-01
  -5.3940131e-01   3.8167170e-01   7.4633536e-02  -1.3137885e+00  -7.2236017e-01  -4.0831030e-01   2.3391427e-01  -8.8251960e-01
  -1.1432171e+00  -9.2227951e-01  -2.6187206e-02   6.9580926e-01   1.1486684e+00   9.7646933e-01  -2.5912322e-01  -7.1175024e-01
  -5.3940131e-01  -7.3195001e-02  -3.4540924e+00  -1.3137885e+00  -7.2236017e-01  -1.5790785e+00   1.1219942e+00   3.3013298e+00
  -5.3940131e-01  -6.4935949e-01  -7.3193240e-01   4.4460953e-01   2.1315411e-01   7.1210231e-01   9.9171107e-02  -7.9713492e-01
   3.0834934e+00   1.6249740e+00  -3.2864943e-01   5.7020939e-01  -7.2236017e-01   1.8336827e-01  -7.7665948e-01   3.9825063e-01
   3.6632238e-01  -1.0739017e+00  -2.6187206e-02   4.4460953e-01  -8.9774327e-02  -2.4465452e-01  -3.1118308e-01  -7.9713492e-01
   1.8758619e+00   8.0621396e-01   7.8037873e-01   1.7006082e+00   1.3892292e+00   6.8692450e-01   1.6395305e+00   1.5082515e+00
   1.5739540e+00   3.8167170e-01   2.7627502e-01   7.5860919e-01  -1.8778058e-01  -7.8597747e-01  -1.7197992e-02   4.0697920e+00
   1.5739540e+00  -4.2870554e-02   1.7545428e-01   6.7809944e-02  -2.2341922e-01  -1.4280117e+00   8.1882211e-01   1.2520975e+00
  -8.4130920e-01  -1.5287684e+00  -3.2864943e-01  -1.3137885e+00  -7.2236017e-01  -1.3021226e+00  -1.5194116e-01  -6.2636556e-01
   1.2720461e+00  -1.4377951e+00   7.4633536e-02   1.1982087e+00  -2.8578684e-01   3.9737967e-01   7.3307646e-01   4.8363532e-01
  -1.1432171e+00   7.8427234e-02  -6.3111166e-01  -4.9738944e-01   2.1315411e-01  -1.3021226e+00  -4.1696749e-02  -1.0532890e+00
  -1.1432171e+00  -1.4377951e+00  -8.3275314e-01  -6.8578923e-01  -4.0161242e-01  -5.4678826e-01  -6.0210583e-01  -9.6790429e-01
  -1.1432171e+00  -7.4033283e-01  -2.2782869e-01   9.4700898e-01   1.6860581e-01   5.8621325e-01   4.1153027e-01  -7.1175024e-01
   6.6823028e-01   9.8816064e-01   4.7791650e-01   1.2610086e+00   5.2499220e-01   1.7569815e+00   3.2272227e-01  -5.4098087e-01
  -8.4130920e-01   6.8491617e-01   6.7955799e-01   1.1982087e+00  -7.2236017e-01   1.1527140e+00   4.3296668e-01  -4.5559619e-01
  -1.1432171e+00  -7.3195001e-02  -1.2700795e-01   3.8180960e-01  -7.2236017e-01   8.3799137e-01  -6.3272928e-01  -9.6790429e-01
   6.4414486e-02  -2.2481723e-01  -2.2782869e-01  -1.3137885e+00  -7.2236017e-01  -4.0831030e-01  -1.0400211e+00  -7.9713492e-01
  -1.1432171e+00   4.7264504e-01   7.8037873e-01   3.8180960e-01  -7.2236017e-01  -6.0973279e-01  -7.1847493e-01   2.1913290e+00
  -5.3940131e-01  -4.9773726e-01   5.7873724e-01   1.5122084e+00   9.7938485e-01   1.9595718e-01   7.5145053e-01  -3.7021151e-01
   9.7013817e-01  -2.2481723e-01   3.7709576e-01  -2.4618971e-01   2.5770240e-01  -1.0503445e+00   1.1760767e-03  -1.9944214e-01
   1.2720461e+00   1.3907613e-01   2.7627502e-01   1.0726088e+00  -5.4135688e-02  -7.8597747e-01  -9.2977671e-01   4.8363532e-01
  -2.3749341e-01   1.1094584e+00   7.4633536e-02   5.7020939e-01   2.2000082e+00   4.2255748e-01  -3.7242998e-01   1.4209659e-01
  -1.1432171e+00   4.8102787e-02   9.8202021e-01   1.0098089e+00  -7.2236017e-01   3.8479076e-01  -8.2259465e-01  -3.7021151e-01
   6.4414486e-02  -1.1042262e+00  -5.3029091e-01   6.7809944e-02  -2.8578684e-01  -5.4678826e-01  -4.8879908e-01  -4.5559619e-01
  -1.1432171e+00  -1.1345506e+00   6.7955799e-01   6.3300932e-01   3.9134730e-01   7.6245793e-01  -7.1235024e-01  -8.8251960e-01
  -1.1432171e+00   7.1524062e-01  -3.4540924e+00  -1.3137885e+00  -7.2236017e-01   1.5177923e+00   5.0340061e-01  -1.9944214e-01
  -1.1432171e+00   4.1199615e-01  -2.6187206e-02   1.3238086e+00   1.5050548e+00   1.2786031e+00  -3.0812074e-01  -7.9713492e-01
  -1.1432171e+00   1.5643251e+00   4.7791650e-01   6.9580926e-01   1.6386997e+00   1.8073371e+00   2.1233810e+00   2.1059443e+00
  -5.3940131e-01  -9.8292841e-01   1.0828410e+00   5.7020939e-01  -7.2236017e-01   1.7077937e-01  -5.3167190e-01   7.3978936e-01
   6.4414486e-02  -6.7968394e-01  -2.6187206e-02   1.0726088e+00  -7.2236017e-01   8.2657027e-02  -9.8183657e-01  -2.8672778e-02
   6.4414486e-02   1.0875168e-01   7.4633536e-02  -1.8338978e-01   3.6461832e-01  -4.0831030e-01   2.0774458e+00   9.9594341e-01
  -2.3749341e-01  -1.2558484e+00  -3.4540924e+00  -1.3137885e+00  -7.2236017e-01  -4.0465040e+00  -8.9302858e-01  -9.6790429e-01
   6.6823028e-01   1.3520540e+00   2.7627502e-01  -1.3137885e+00  -7.2236017e-01  -6.9785513e-01  -4.9492377e-01   2.7890217e+00
   3.6632238e-01  -3.4611502e-01  -2.6187206e-02  -1.3137885e+00  -7.2236017e-01  -7.7338856e-01  -5.3167190e-01  -2.8482683e-01
  -5.3940131e-01  -1.2255240e+00   1.7545428e-01  -3.7178957e-01  -4.5226028e-02  -2.5724343e-01   2.4922600e-01  -7.1175024e-01
   9.7013817e-01   2.2314630e+00   7.4633536e-02   7.5860919e-01   5.6954050e-01  -8.8668871e-01  -9.2671437e-01   1.8497902e+00
   6.6823028e-01   9.8816064e-01   2.7627502e-01   6.9580926e-01   9.9720417e-01  -3.5795467e-01   1.1434307e+00   4.8363532e-01
  -5.3940131e-01  -1.3384389e-01   1.0828410e+00  -1.2058985e-01  -8.9774327e-02  -8.7409981e-01  -4.6736266e-01  -1.0532890e+00
   6.6823028e-01  -3.6818042e+00  -2.6187206e-02   1.2610086e+00  -7.2236017e-01   8.6316918e-01   8.0044804e-01   6.5440468e-01
   9.7013817e-01  -8.3130617e-01  -2.2782869e-01   2.5620974e-01  -1.8497049e-02   1.4560156e-01   8.3413384e-01   6.5440468e-01
  -2.3749341e-01  -7.7065728e-01   4.7791650e-01   1.1354088e+00  -7.2236017e-01   6.4915778e-01  -6.9703852e-01   5.6902000e-01
  -1.1432171e+00   1.7765963e+00   1.0828410e+00   3.1900967e-01   7.9509209e-02   5.4844654e-01  -4.6430032e-01   1.4209659e-01
  -8.4130920e-01   2.6037391e-01  -4.2947017e-01   1.3060988e-01   7.9228199e-01  -4.4607701e-01   6.9326598e-01  -1.0532890e+00
   1.2720461e+00  -4.2870554e-02   4.7791650e-01  -1.3137885e+00  -7.2236017e-01  -8.9927762e-01  -1.7337757e-01   2.6182524e+00
   2.4796777e+00  -1.1345506e+00   1.7545428e-01   6.3300932e-01  -7.2236017e-01  -3.0759905e-01  -5.1636018e-01   1.0813281e+00
   1.5739540e+00  -9.2227951e-01  -2.6187206e-02  -1.3137885e+00  -7.2236017e-01  -9.9998886e-01  -8.1340761e-01   2.1059443e+00
  -2.3749341e-01  -6.7968394e-01  -7.3193240e-01  -1.2058985e-01   4.3870570e-02  -8.2374418e-01  -9.5427547e-01  -7.9713492e-01
   1.5739540e+00   7.1524062e-01   9.8202021e-01   8.2140912e-01   7.4773369e-01  -2.3206562e-01   9.3519121e-01   1.6790209e+00
   2.7815855e+00  -1.3771462e+00  -4.2947017e-01  -1.3137885e+00  -7.2236017e-01   8.2657027e-02  -8.7465451e-01   6.5440468e-01
  -5.3940131e-01  -1.6197418e+00   7.4633536e-02   6.9580926e-01  -1.3432263e-01  -8.9927762e-01  -8.5321810e-01  -7.1175024e-01
  -2.3749341e-01   7.8427234e-02   5.7873724e-01   7.5860919e-01   4.3589560e-01   1.3301265e-01  -4.9186142e-01  -6.2636556e-01
  -2.3749341e-01   1.0875168e-01  -5.3029091e-01  -1.3137885e+00  -7.2236017e-01  -6.8409842e-02  -9.6346251e-01  -7.9713492e-01
  -8.4130920e-01  -7.4033283e-01  -2.2782869e-01  -1.2058985e-01   8.2319306e-03  -1.7553232e+00  -5.1023549e-01  -1.0532890e+00
  -2.3749341e-01  -1.6416834e-01   2.7627502e-01  -3.7178957e-01   2.1315411e-01  -7.3562184e-01  -1.0982057e+00  -7.9713492e-01
  -1.1432171e+00  -3.1579058e-01  -1.7741832e-01  -1.3137885e+00  -7.2236017e-01  -9.4963324e-01   5.9527095e-01  -1.9944214e-01
  -5.3940131e-01   1.7778340e-02  -4.2947017e-01  -1.8338978e-01   2.2206377e-01  -2.9501014e-01   7.6982460e-01  -9.6790429e-01
  -8.4130920e-01  -1.3468218e+00  -6.3111166e-01   5.7020939e-01  -2.2341922e-01   1.4560156e-01   2.4051167e+00  -7.9713492e-01
   6.4414486e-02   3.2102281e-01  -3.4540924e+00  -1.3137885e+00  -7.2236017e-01   9.5245932e-02  -5.0104845e-01  -8.8251960e-01
  -1.1432171e+00   1.6940057e-01   5.7873724e-01   1.0098089e+00   1.1486684e+00   5.2326873e-01   1.0362486e+00  -8.8251960e-01
  -2.3749341e-01   2.3004947e-01   1.1836617e+00   1.7634081e+00   6.5863709e-01   5.3585763e-01   1.5384731e+00  -1.1405746e-01
   1.2720461e+00  -6.4935949e-01   2.7627502e-01   1.1982087e+00   1.1932167e+00   9.1352480e-01   5.9833329e-01   8.2517405e-01
   1.8758619e+00  -9.5260396e-01   8.3078910e-01   6.9580926e-01  -7.2236017e-01   3.4702405e-01   1.1005578e+00   1.9351749e+00
   6.4414486e-02  -1.1345506e+00   1.0828410e+00   1.3060988e-01  -2.2341922e-01   9.2611371e-01  -9.3896375e-01  -7.1175024e-01
  -8.4130920e-01  -1.0132529e+00   4.7791650e-01   5.0740946e-01  -4.5226028e-02  -1.8054219e-02  -3.0812074e-01  -3.7021151e-01
   3.6632238e-01   1.9888674e+00   3.7709576e-01   3.8180960e-01   1.1219394e+00   1.4422588e+00   1.7405879e+00   1.6790209e+00
   6.4414486e-02   2.9069836e-01  -2.6187206e-02   5.0100131e-03   7.5664335e-01   1.2042374e-01  -9.3590140e-01  -4.5559619e-01
  -8.4130920e-01   1.2914051e+00   6.7955799e-01   1.3866085e+00  -1.2541297e-01   8.2657027e-02  -3.8161701e-01   1.4228668e+00
  -8.4130920e-01  -1.6416834e-01   7.4633536e-02   4.4460953e-01  -7.2236017e-01  -5.9714388e-01  -8.0115824e-01  -1.0532890e+00
  -2.3749341e-01  -1.1345506e+00  -2.6187206e-02   5.7020939e-01   2.2206377e-01  -3.0643125e-02   3.8396916e-01  -7.1175024e-01
   1.2720461e+00  -3.4611502e-01   3.7709576e-01  -1.3137885e+00  -7.2236017e-01  -5.4678826e-01  -7.0010086e-01   2.1059443e+00
   6.6823028e-01   1.0875168e-01   3.7709576e-01  -1.3137885e+00  -7.2236017e-01   2.0854608e-01  -1.0553328e+00   1.7644056e+00
  -1.1432171e+00   2.3224363e+00  -1.2700795e-01   6.9580926e-01   1.7188866e+00   1.1527140e+00   1.1142049e-01  -4.5559619e-01
   6.6823028e-01  -6.7968394e-01  -4.2947017e-01  -1.2058985e-01  -2.4123854e-01  -6.6008841e-01   9.6108763e-02  -1.1405746e-01
  -8.4130920e-01  -6.7968394e-01   1.7545428e-01   5.7020939e-01  -5.6198630e-01   8.1281356e-01  -1.6419054e-01  -1.0532890e+00
   6.6823028e-01  -8.9195506e-01  -3.2864943e-01   6.9580926e-01   4.0025696e-01  -1.8054219e-02  -1.1655773e+00   1.0813281e+00
  -2.3749341e-01  -1.3164973e+00   7.4633536e-02  -1.3137885e+00  -7.2236017e-01   4.4890309e-02  -5.9904349e-01   4.8363532e-01
  -5.3940131e-01   2.6037391e-01   1.3853032e+00  -1.3137885e+00  -7.2236017e-01  -1.2014114e+00  -6.0516817e-01  -1.0532890e+00
  -2.3749341e-01  -3.1579058e-01  -5.3029091e-01   6.3300932e-01  -3.3033514e-01  -3.3277686e-01  -1.0906833e-01  -9.6790429e-01
  -5.3940131e-01  -7.1000838e-01  -4.2947017e-01  -2.4618971e-01   3.4679900e-01   3.2184623e-01  -8.1953230e-01  -9.6790429e-01
  -8.4130920e-01   6.5459172e-01   8.8119947e-01   5.7020939e-01   2.2178276e+00  -2.5724343e-01   1.3057349e+00  -8.8251960e-01
  -8.4130920e-01  -7.3195001e-02  -1.2360361e+00   1.6378082e+00  -1.6105161e-01   4.2255748e-01  -5.6842004e-01  -7.1175024e-01
   6.6823028e-01  -4.0676392e-01  -1.2360361e+00  -5.7789918e-02   4.3589560e-01  -1.0251667e+00   1.0638097e+00   1.4209659e-01
  -5.3940131e-01  -1.0351945e-01   5.7873724e-01  -1.3137885e+00  -7.2236017e-01   1.3541365e+00   6.9632832e-01  -1.0532890e+00
   1.8758619e+00   3.5134725e-01  -2.6187206e-02  -1.3137885e+00  -7.2236017e-01  -6.4749950e-01  -6.7560210e-01   2.2748127e-01
  -5.3940131e-01   2.2921119e+00   7.4633536e-02   4.9034046e+00  -7.2236017e-01   3.2184623e-01   3.3497165e-01   2.4474830e+00
   6.6823028e-01  -3.7643947e-01  -4.2947017e-01   3.8180960e-01  -7.2236017e-01  -8.9927762e-01  -7.9503355e-01  -5.4098087e-01
   2.4796777e+00  -1.2546107e-02   4.7791650e-01  -2.4618971e-01  -7.2236017e-01  -7.1044403e-01  -6.3272928e-01   2.4474830e+00
   1.2720461e+00  -6.4935949e-01   3.7709576e-01  -1.3137885e+00  -7.2236017e-01   8.2540246e-01  -8.4403106e-01   7.3978936e-01
   1.2720461e+00   7.8427234e-02   3.7709576e-01   1.9340981e-01   4.6234357e+00  -4.3348811e-01   6.7795426e-01   1.5936362e+00
  -8.4130920e-01  -8.6163062e-01  -6.3111166e-01  -6.2298930e-01  -7.2236017e-01  -1.2140003e+00  -1.4887881e-01  -9.6790429e-01
   1.2720461e+00   6.5459172e-01  -1.2700795e-01  -1.3137885e+00  -7.2236017e-01   3.4702405e-01  -1.0308341e+00   6.5440468e-01
   6.6823028e-01  -5.5838615e-01  -1.2700795e-01  -1.3137885e+00  -7.2236017e-01  -9.8739996e-01  -6.6335272e-01  -3.7021151e-01
  -2.3749341e-01   1.6552985e+00   8.8119947e-01   3.8180960e-01   6.6754675e-01   1.4560156e-01   2.1080692e+00   1.5936362e+00
  -1.1432171e+00  -1.4681196e+00  -3.4540924e+00  -1.3137885e+00  -7.2236017e-01  -1.3902449e+00  -3.7855467e-01  -7.1175024e-01
  -5.3940131e-01  -2.8546613e-01   4.7791650e-01   1.8262080e+00   5.2499220e-01   9.1352480e-01  -8.8996623e-01  -7.9713492e-01
  -5.3940131e-01  -1.1951995e+00  -8.3275314e-01   6.7809944e-02   3.0225070e-01  -4.5866592e-01   3.7770471e+00  -7.1175024e-01
  -1.1432171e+00   2.0191918e+00   6.7955799e-01  -4.3458950e-01   9.2592689e-01  -1.8054219e-02   6.6264253e-01  -9.6790429e-01
  -1.1432171e+00  -1.6500662e+00   3.7709576e-01  -1.3137885e+00  -7.2236017e-01   1.6562702e+00  -8.3178168e-01   1.0813281e+00
  -8.4130920e-01  -9.8292841e-01  -2.2442435e+00  -1.2058985e-01  -4.9961868e-01  -5.4678826e-01   2.8597413e-01  -1.0532890e+00
  -8.4130920e-01   1.5643251e+00   2.7627502e-01  -1.3137885e+00  -7.2236017e-01   5.8621325e-01  -1.1563902e+00   3.9825063e-01
  -8.4130920e-01  -3.7643947e-01  -1.5384983e+00  -1.8338978e-01   3.4679900e-01  -1.1384668e+00  -1.7950226e-01  -6.2636556e-01
  -8.4130920e-01  -4.0676392e-01   9.8202021e-01  -1.2058985e-01  -7.2236017e-01  -6.3491060e-01  -2.0093867e-01  -7.9713492e-01
   6.6823028e-01  -7.7065728e-01  -3.4540924e+00  -1.3137885e+00  -7.2236017e-01  -1.0629334e+00  -8.4403106e-01  -4.5559619e-01
  -8.4130920e-01   7.8427234e-02   2.7627502e-01   9.4700898e-01  -7.2236017e-01  -5.4678826e-01  -1.1196421e+00  -2.8482683e-01
   9.7013817e-01   8.6686285e-01   4.7791650e-01   5.0740946e-01   4.0025696e-01   3.8479076e-01   6.9326598e-01   1.7644056e+00
   6.4414486e-02   1.8675696e+00  -3.4540924e+00  -1.3137885e+00  -7.2236017e-01  -4.7125482e-01  -7.7665948e-01   2.2748127e-01
  -8.4130920e-01   1.8069207e+00   4.7791650e-01   1.3238086e+00   1.8881701e+00   9.8905824e-01   2.4265531e+00  -9.6790429e-01
  -2.3749341e-01  -4.6741281e-01  -7.3193240e-01   5.0100131e-03   6.8536607e-01  -1.5653218e-01  -5.3167190e-01  -7.9713492e-01
  -2.3749341e-01   1.5946496e+00  -5.3029091e-01   6.7809944e-02   1.0061138e+00   9.5245932e-02   3.9009385e-01   2.2748127e-01
   9.7013817e-01   1.4127029e+00   9.8202021e-01   1.3238086e+00   2.1376406e+00   7.6245793e-01   9.8418873e-01   5.6902000e-01
   6.6823028e-01  -4.9773726e-01   5.7873724e-01   4.4460953e-01  -7.2236017e-01   4.4890309e-02   1.2628621e+00  -6.2636556e-01
   2.1777698e+00   5.0296949e-01   2.7627502e-01   3.1900967e-01   5.6063084e-01   4.9809091e-01   2.7984944e-01   1.4228668e+00
   6.6823028e-01  -1.3384389e-01   1.3853032e+00  -1.3137885e+00  -7.2236017e-01  -4.3348811e-01  -9.4508844e-01  -2.8482683e-01
  -5.3940131e-01  -1.6197418e+00  -3.2864943e-01  -4.9738944e-01  -5.8871527e-01  -1.5161340e+00  -6.3885397e-01  -8.8251960e-01
  -5.3940131e-01  -2.8546613e-01   8.8119947e-01   1.3238086e+00   7.0318539e-01   7.8763575e-01  -6.7253976e-01  -4.5559619e-01
   6.6823028e-01   1.8675696e+00   1.2844824e+00  -1.3137885e+00  -7.2236017e-01   1.0897695e+00   3.0482091e+00   9.9594341e-01
  -5.3940131e-01  -4.0676392e-01  -2.2782869e-01  -1.3137885e+00  -7.2236017e-01  -1.6912109e-01  -9.4202609e-01  -1.0532890e+00
  -1.1432171e+00   3.2102281e-01   4.7791650e-01  -1.3137885e+00  -7.2236017e-01   3.2301404e-02  -2.2237509e-01  -1.0532890e+00
   3.6632238e-01   1.9972502e-01   5.7873724e-01  -1.3137885e+00  -7.2236017e-01   3.0925733e-01  -9.8489892e-01   9.9594341e-01
   6.4414486e-02  -8.3130617e-01  -1.7741832e-01   6.7809944e-02  -7.2236017e-01  -9.3704434e-01  -9.7264954e-01  -1.0532890e+00
   9.7013817e-01  -2.2481723e-01  -2.2782869e-01  -1.3137885e+00  -7.2236017e-01  -5.9714388e-01   8.1575977e-01   5.6711904e-02
  -1.1432171e+00  -5.8871060e-01   4.7791650e-01   1.1982087e+00   7.9509209e-02   2.9666842e-01  -6.9703852e-01  -7.9713492e-01
  -8.4130920e-01   1.9972502e-01   6.7955799e-01  -2.4618971e-01   9.0810757e-01  -5.8455498e-01  -1.0737069e+00  -9.6790429e-01
   1.8758619e+00  -8.9195506e-01  -3.2864943e-01  -1.3137885e+00  -7.2236017e-01  -7.8597747e-01  -9.1446499e-01  -1.9944214e-01
   3.6632238e-01  -5.2806170e-01   2.7627502e-01  -1.3137885e+00  -7.2236017e-01  -4.2089920e-01  -9.5733782e-01   1.2520975e+00
   9.7013817e-01  -7.4033283e-01   3.7709576e-01   6.9580926e-01   8.8418869e-02   1.1023584e+00   1.2414257e+00  -1.1405746e-01
  -8.4130920e-01  -6.4935949e-01   2.7627502e-01  -5.6018937e-01  -3.1251582e-01  -1.5916674e+00  -9.6958719e-01  -4.5559619e-01
   6.4414486e-02   1.9972502e-01   7.4633536e-02  -1.3137885e+00  -7.2236017e-01   2.7149061e-01  -4.9798611e-01  -7.9713492e-01
  -5.3940131e-01   1.0791340e+00   2.7627502e-01   8.8420905e-01   3.1978901e+00   9.1352480e-01  -1.0155224e+00  -2.8482683e-01
  -8.4130920e-01   1.3823784e+00   2.7627502e-01  -2.4618971e-01   5.6063084e-01  -1.1007001e+00  -5.7008473e-02  -2.8672778e-02
  -1.1432171e+00   1.7462718e+00  -9.3357388e-01   9.4700898e-01   6.9427573e-01   7.1210231e-01  -3.2509715e-02  -9.6790429e-01
   2.1777698e+00   4.4232060e-01   7.8037873e-01   8.8420905e-01   4.3589560e-01  -4.8384373e-01  -6.2966693e-01   7.3978936e-01
  -1.1432171e+00  -4.3708836e-01  -4.2947017e-01   2.5620974e-01  -7.2236017e-01  -7.2303294e-01  -1.0185847e+00  -8.8251960e-01
  -8.4130920e-01  -9.2227951e-01  -7.3193240e-01   2.5620974e-01   1.6860581e-01  -8.7409981e-01  -7.0928789e-01  -8.8251960e-01
  -5.3940131e-01  -4.2870554e-02  -7.3193240e-01  -1.3137885e+00  -7.2236017e-01  -6.7267732e-01  -3.2509715e-02  -5.4098087e-01
  -8.4130920e-01  -4.6741281e-01   7.4633536e-02   4.4460953e-01   4.8044390e-01   2.5890171e-01  -9.9102361e-01  -9.6790429e-01
  -5.3940131e-01   1.0184851e+00  -8.3275314e-01   3.8180960e-01   4.0888561e+00   8.2540246e-01  -6.9091383e-01  -7.1175024e-01
  -5.3940131e-01  -6.1903504e-01  -5.3029091e-01   8.8420905e-01   7.9509209e-02  -1.3021226e+00  -9.5121313e-01  -9.6790429e-01
  -8.4130920e-01  -4.2870554e-02   5.7873724e-01   1.7006082e+00   1.0595718e+00   8.5058027e-01   2.1325680e+00   6.5440468e-01
   2.1777698e+00   1.6940057e-01   1.8894069e+00  -1.3137885e+00  -7.2236017e-01   8.6316918e-01  -8.4403106e-01   1.5082515e+00
  -2.3749341e-01  -1.2558484e+00   6.7955799e-01   6.3300932e-01  -9.8683987e-02   2.5890171e-01   2.5306728e+00  -5.4098087e-01
  -8.4130920e-01   2.3527607e+00   3.7709576e-01   1.3866085e+00  -7.2236017e-01   1.3541365e+00   2.8430320e+00  -9.6790429e-01
   1.2720461e+00   1.3823784e+00   1.8894069e+00   1.5750083e+00   1.3357712e+00   6.8692450e-01  -9.2058968e-01   8.2517405e-01
   1.5739540e+00   7.1524062e-01   5.7873724e-01   1.5750083e+00   4.3589560e-01   7.2469122e-01   5.2483702e-01   5.6902000e-01
   6.4414486e-02   7.1524062e-01   6.7955799e-01  -1.8338978e-01  -7.2236017e-01   4.4890309e-02  -7.0622555e-01   3.1305605e+00
   6.6823028e-01  -7.1000838e-01  -5.3029091e-01   7.5860919e-01   9.7047519e-01   2.3372389e-01  -1.0906833e-01   8.2517405e-01
   1.5739540e+00   9.8816064e-01   4.7791650e-01   5.7020939e-01   1.6860581e-01  -1.5653218e-01  -9.2365202e-01   9.9594341e-01
   6.6823028e-01   1.3217296e+00  -2.6187206e-02   3.1900967e-01   7.7446267e-01   1.8336827e-01   5.0646295e-01   1.3374821e+00
  -8.4130920e-01  -6.7968394e-01  -5.3029091e-01  -6.8578923e-01  -7.2236017e-01  -8.4892200e-01   2.6147538e-01  -1.0532890e+00
   1.8758619e+00  -1.6197418e+00   1.8894069e+00   1.3060988e-01  -2.8578684e-01   4.2255748e-01  -5.5310831e-01   1.1667128e+00
  -2.3749341e-01   4.8102787e-02   1.5869447e+00   8.8420905e-01   1.4159582e+00   3.1669389e+00   1.2689868e+00  -9.6790429e-01
   1.2720461e+00  -9.2227951e-01   6.7955799e-01  -1.3137885e+00  -7.2236017e-01   4.3514639e-01   3.7171979e-01   2.9597911e+00
   6.6823028e-01   2.2314630e+00   7.4633536e-02  -1.3137885e+00  -7.2236017e-01  -1.5653218e-01  -4.2142749e-01  -1.9944214e-01
   1.5739540e+00   1.0488095e+00   8.8119947e-01  -1.3137885e+00  -7.2236017e-01  -9.2445543e-01  -7.2153727e-01   1.6790209e+00
  -1.1432171e+00  -8.6163062e-01  -4.2947017e-01  -1.3137885e+00  -7.2236017e-01   3.9737967e-01  -6.2047990e-01  -7.1175024e-01
  -2.3749341e-01  -1.2546107e-02  -8.3275314e-01  -1.3137885e+00  -7.2236017e-01   4.8550201e-01  -1.0369588e+00  -7.1175024e-01
  -5.3940131e-01  -1.9836352e+00  -6.3111166e-01   4.4460953e-01  -3.2142548e-01  -9.9998886e-01  -4.0917811e-01  -9.6790429e-01
  -1.1432171e+00   1.2307562e+00   3.7709576e-01   9.4700898e-01  -7.2236017e-01   2.1975932e+00  -3.1118308e-01  -6.2636556e-01
   6.4414486e-02   1.0875168e-01   5.7873724e-01  -1.3137885e+00  -7.2236017e-01   1.9712498e-02   2.1554021e-01  -5.4098087e-01
   3.6632238e-01   4.4232060e-01   6.7955799e-01  -1.3137885e+00  -7.2236017e-01  -4.0465040e+00   5.3402406e-01   3.0451758e+00
  -5.3940131e-01   2.3004947e-01   2.7627502e-01   3.1900967e-01   1.1041201e+00   1.3301265e-01   3.8396916e-01  -7.1175024e-01
  -2.3749341e-01   2.6037391e-01  -2.2782869e-01  -1.3137885e+00  -7.2236017e-01  -1.1384668e+00  -4.6430032e-01  -9.6790429e-01
  -8.4130920e-01  -4.3708836e-01  -9.3357388e-01  -1.2058985e-01  -7.2236017e-01  -4.8384373e-01  -8.7159216e-01  -3.7021151e-01
  -8.4130920e-01   5.6361838e-01   2.7627502e-01   3.1900967e-01   8.8137859e-01  -1.0125778e+00   1.1097449e+00  -8.8251960e-01
  -8.4130920e-01   6.8491617e-01   6.7955799e-01   1.5750083e+00   8.8137859e-01   1.7569815e+00  -3.9999108e-01   1.0813281e+00
  -5.3940131e-01  -9.5260396e-01  -4.2947017e-01  -1.3137885e+00  -7.2236017e-01  -1.0881112e+00  -8.4096872e-01  -7.1175024e-01
   9.7013817e-01   6.2426728e-01   1.0828410e+00   1.9340981e-01   3.5542765e+00  -2.1947671e-01  -1.0338964e+00   8.2517405e-01
  -1.1432171e+00  -6.7968394e-01  -3.4540924e+00  -1.3137885e+00  -7.2236017e-01  -8.9927762e-01  -6.5110335e-01  -9.6790429e-01
   6.4414486e-02  -1.0351945e-01   7.4633536e-02  -1.3137885e+00  -7.2236017e-01   1.5555590e+00   1.3424831e+00  -6.2636556e-01
  -8.4130920e-01   1.4127029e+00   9.8202021e-01   5.0740946e-01  -7.2236017e-01   3.5961295e-01   1.3455454e+00   1.5936362e+00
  -5.3940131e-01   2.3004947e-01  -3.4540924e+00  -1.3137885e+00  -7.2236017e-01   8.0022465e-01  -4.9492377e-01   6.5440468e-01
   6.4414486e-02  -3.4611502e-01   3.7709576e-01  -5.7789918e-02   1.6860581e-01  -4.7125482e-01  -1.0645199e+00  -5.4098087e-01
   6.6823028e-01  -1.2558484e+00   5.7873724e-01   9.4700898e-01  -7.2236017e-01   9.6388043e-01  -8.8384154e-01  -4.5559619e-01
   1.8758619e+00  -1.9449279e-01  -3.4540924e+00  -1.3137885e+00  -7.2236017e-01  -4.0465040e+00  -6.2660459e-01  -2.8482683e-01
  -5.3940131e-01   1.6940057e-01  -1.1352154e+00   5.0100131e-03   2.2623759e+00   2.8407952e-01  -8.8690389e-01  -9.6790429e-01
   1.5739540e+00   1.2914051e+00   4.7791650e-01  -1.3137885e+00  -7.2236017e-01   8.2657027e-02  -9.7264954e-01   9.9594341e-01
  -5.3940131e-01  -8.6163062e-01  -2.2782869e-01   6.9580926e-01   7.0318539e-01   7.3728012e-01   6.3814378e-01  -8.8251960e-01
  -2.3749341e-01   1.1094584e+00  -2.2782869e-01  -4.9738944e-01   2.7256782e+00  -1.1876546e-01  -5.2248487e-01  -7.9713492e-01
   3.6632238e-01   1.3907613e-01   4.7791650e-01   3.8180960e-01  -5.2634766e-01  -3.2018796e-01  -8.1507230e-02   5.6902000e-01
  -2.3749341e-01  -5.8871060e-01   2.7627502e-01  -1.3137885e+00  -7.2236017e-01  -3.3277686e-01  -1.0553328e+00  -1.1405746e-01
   9.7013817e-01   1.9888674e+00  -9.3357388e-01   7.5860919e-01   2.7702265e+00   2.2113499e-01   1.1036202e+00   5.6711904e-02
  -2.3749341e-01   1.5643251e+00   4.7791650e-01   1.1354088e+00   9.2592689e-01   2.0854608e-01   1.5445978e+00  -1.9944214e-01
  -8.4130920e-01  -4.0676392e-01  -4.2947017e-01   1.5750083e+00   8.6355927e-01   4.2255748e-01  -1.5500350e-01  -7.9713492e-01
   3.6632238e-01  -7.4033283e-01   3.7709576e-01   3.8180960e-01  -7.2236017e-01   4.3514639e-01  -2.6831026e-01   1.5936362e+00
  -8.4130920e-01  -2.2481723e-01  -1.2700795e-01   9.4700898e-01   1.0595718e+00   7.4986903e-01  -5.4085894e-01  -1.0532890e+00
  -8.4130920e-01   8.3653840e-01  -2.6187206e-02   5.0740946e-01   4.0916662e-01  -3.5795467e-01  -3.5711825e-01   7.3978936e-01
   3.6632238e-01  -1.3384389e-01   8.8119947e-01   5.7020939e-01   2.1315411e-01   8.7575809e-01  -6.5722803e-01   7.3978936e-01
  -8.4130920e-01  -3.1579058e-01   1.2844824e+00  -1.3137885e+00  -7.2236017e-01   8.2657027e-02  -6.1435521e-01   9.9594341e-01
   6.4414486e-02  -2.8546613e-01   4.7791650e-01   1.1982087e+00  -7.2236017e-01   9.1352480e-01  -7.0316321e-01   3.9825063e-01
  -8.4130920e-01  -1.6416834e-01   4.7791650e-01   5.0740946e-01   8.8137859e-01   4.9809091e-01   9.3046418e-02  -7.1175024e-01
  -1.1432171e+00   5.9394283e-01   7.8037873e-01   3.1900967e-01  -7.2236017e-01   3.2301404e-02  -9.9881299e-02  -9.6790429e-01
  -5.3940131e-01   1.6249740e+00   9.8202021e-01  -1.3137885e+00  -7.2236017e-01  -1.1636446e+00  -4.2755218e-01  -9.6790429e-01
  -5.3940131e-01  -8.9195506e-01  -8.3275314e-01  -1.3137885e+00  -7.2236017e-01  -2.5724343e-01  -9.9408595e-01  -9.6790429e-01
  -2.3749341e-01   2.6037391e-01   4.7791650e-01   1.3060988e-01  -1.8497049e-02  -4.7125482e-01  -4.3673922e-01   5.6711904e-02
  -5.3940131e-01   1.5946496e+00   9.8202021e-01   1.0098089e+00   3.4679900e-01   1.5555590e+00   5.5239812e-01  -7.9713492e-01
  -5.3940131e-01  -4.6741281e-01  -6.3111166e-01   3.8180960e-01   7.4773369e-01  -3.9572139e-01  -1.2131771e-01  -9.6790429e-01
  -5.3940131e-01  -4.9773726e-01   3.2668539e-01  -1.3137885e+00  -7.2236017e-01  -1.1132890e+00   2.8903648e-01   1.6790209e+00
   6.4414486e-02  -8.0098172e-01  -4.2947017e-01   6.9580926e-01  -7.2236017e-01   4.0996857e-01  -5.5617066e-01  -4.5559619e-01
   1.2720461e+00  -1.7107151e+00   1.7545428e-01   1.3060988e-01  -7.2236017e-01  -1.8054219e-02   4.1153027e-01   7.3978936e-01
  -5.3940131e-01  -6.7968394e-01  -4.2947017e-01  -2.4618971e-01   7.0318539e-01   5.6103544e-01  -3.8634404e-02  -1.0532890e+00
  -8.4130920e-01  -5.8871060e-01   2.7627502e-01  -1.3137885e+00  -7.2236017e-01   9.2611371e-01  -5.2860956e-01   7.3978936e-01
   2.1777698e+00  -4.2870554e-02   5.7873724e-01   1.0098089e+00   6.1408880e-01   1.2786031e+00   9.7806404e-01   1.2520975e+00
  -2.3749341e-01  -5.8871060e-01  -1.2360361e+00  -5.7789918e-02   1.1514785e-01  -1.6912109e-01  -2.0093867e-01  -6.2636556e-01
   2.7815855e+00   9.5783619e-01   9.8202021e-01   1.0098089e+00   5.2499220e-01   1.0645917e+00   2.1693161e+00   4.8363532e-01
   2.4796777e+00  -6.4935949e-01   7.8037873e-01   7.5860919e-01   2.1315411e-01  -2.6983233e-01   6.8547660e-02   1.0813281e+00
  -8.4130920e-01  -1.2255240e+00   2.7627502e-01   1.2610086e+00  -2.1450956e-01   1.7821593e+00   1.9304532e+00  -1.1405746e-01
  -2.3749341e-01   1.9888674e+00   7.4633536e-02   6.7809944e-02   1.0595718e+00   5.3585763e-01  -1.7643992e-01   2.2748127e-01
  -2.3749341e-01  -4.0676392e-01  -3.2864943e-01   1.9340981e-01  -7.2236017e-01  -7.7338856e-01  -7.4297369e-01  -7.1175024e-01
  -1.1432171e+00   1.8069207e+00   9.8202021e-01   1.4494084e+00   3.8215663e+00   1.4044921e+00  -7.4603603e-01  -6.2636556e-01
   1.2720461e+00   9.8816064e-01   4.7791650e-01   6.9580926e-01  -7.2236017e-01   3.2301404e-02  -6.9257852e-02   9.9594341e-01
  -1.1432171e+00   4.8102787e-02   1.7545428e-01  -1.3137885e+00  -7.2236017e-01   5.2326873e-01  -6.3579162e-01   1.5936362e+00
   6.6823028e-01   2.0798407e+00   1.1836617e+00  -1.3137885e+00  -7.2236017e-01   4.2255748e-01  -5.7454473e-01   2.7890217e+00
  -5.3940131e-01  -1.0132529e+00  -5.3029091e-01   3.1900967e-01  -5.7980561e-01  -4.7125482e-01   9.1987949e-01  -9.6790429e-01
   1.5739540e+00   1.4733518e+00   2.7627502e-01   6.3300932e-01  -7.2236017e-01   1.4926145e+00  -1.9175164e-01   8.2517405e-01
   1.8758619e+00  -6.1903504e-01   3.7709576e-01   1.7006082e+00   8.8137859e-01   9.5245932e-02  -9.0221561e-01   2.5328677e+00
  -8.4130920e-01  -8.6163062e-01   7.4633536e-02   6.3300932e-01  -7.2236017e-01  -2.1947671e-01  -4.6123797e-01  -8.8251960e-01
